[ 1.00000000e+00  0.00000000e+00 -9.98668243e-01 -3.13846962e-02
  9.78086216e-01  6.15359631e-02 -9.94727281e-01 -9.40302229e-02
  9.52469915e-01  1.20324910e-01 -9.86860854e-01 -1.56304637e-01
  9.23409113e-01  1.76149662e-01 -9.75099906e-01 -2.17962155e-01
  8.91174183e-01  2.28814562e-01 -9.59490733e-01 -2.78759430e-01
  8.56046170e-01  2.78146150e-01 -9.40094827e-01 -3.38456520e-01
  8.18315078e-01  3.23993714e-01 -9.16988654e-01 -3.96817835e-01
  7.78278124e-01  3.66229708e-01 -8.90263370e-01 -4.53613055e-01
  7.36237982e-01  4.04750047e-01 -8.60024455e-01 -5.08618038e-01
  6.92501014e-01  4.39474270e-01 -8.26391289e-01 -5.61615710e-01
  6.47375508e-01  4.70345575e-01 -7.89496657e-01 -6.12396918e-01
  6.01169926e-01  4.97330727e-01 -7.49486212e-01 -6.60761263e-01
  5.54191168e-01  5.20419837e-01 -7.06517886e-01 -7.06517886e-01
  5.06742877e-01  5.39626024e-01 -6.60761263e-01 -7.49486212e-01
  4.59123766e-01  5.54984949e-01 -6.12396918e-01 -7.89496656e-01
  4.11626008e-01  5.66554233e-01 -5.61615710e-01 -8.26391288e-01
  3.64533665e-01  5.74412768e-01 -5.08618039e-01 -8.60024455e-01
  3.18121187e-01  5.78659911e-01 -4.53613056e-01 -8.90263369e-01
  2.72651983e-01  5.79414578e-01 -3.96817836e-01 -9.16988653e-01
  2.28377060e-01  5.76814241e-01 -3.38456521e-01 -9.40094826e-01
  1.85533752e-01  5.71013828e-01 -2.78759430e-01 -9.59490733e-01
  1.44344535e-01  5.62184541e-01 -2.17962156e-01 -9.75099906e-01
  1.05015941e-01  5.50512593e-01 -1.56304638e-01 -9.86860854e-01
  6.77375669e-02  5.36197878e-01 -9.40302237e-02 -9.94727281e-01
  3.26811917e-02  5.19452571e-01 -3.13846971e-02 -9.98668243e-01
  3.98826202e-10  5.00499680e-01  3.13846954e-02 -9.98668243e-01
 -3.01720782e-02  4.79571546e-01  9.40302221e-02 -9.94727282e-01
 -5.77209197e-02  4.56908304e-01  1.56304637e-01 -9.86860855e-01
 -8.25526352e-02  4.32756317e-01  2.17962154e-01 -9.75099907e-01
 -1.04593883e-01  4.07366584e-01  2.78759429e-01 -9.59490734e-01
 -1.23792062e-01  3.80993137e-01  3.38456520e-01 -9.40094827e-01
 -1.40115382e-01  3.53891426e-01  3.96817835e-01 -9.16988654e-01
 -1.53552815e-01  3.26316723e-01  4.53613054e-01 -8.90263370e-01
 -1.64113932e-01  2.98522515e-01  5.08618038e-01 -8.60024455e-01
 -1.71828614e-01  2.70758946e-01  5.61615709e-01 -8.26391289e-01
 -1.76746654e-01  2.43271261e-01  6.12396917e-01 -7.89496657e-01
 -1.78937240e-01  2.16298315e-01  6.60761262e-01 -7.49486213e-01
 -1.78488339e-01  1.90071106e-01  7.06517885e-01 -7.06517887e-01
 -1.75505962e-01  1.64811378e-01  7.49486211e-01 -6.60761264e-01
 -1.70113338e-01  1.40730280e-01  7.89496656e-01 -6.12396919e-01
 -1.62449986e-01  1.18027087e-01  8.26391288e-01 -5.61615711e-01
 -1.52670699e-01  9.68880093e-02  8.60024454e-01 -5.08618040e-01
 -1.40944444e-01  7.74850730e-02  8.90263369e-01 -4.53613056e-01
 -1.27453177e-01  5.99750910e-02  9.16988653e-01 -3.96817837e-01
 -1.12390590e-01  4.44987283e-02  9.40094826e-01 -3.38456522e-01
 -9.59607944e-02  3.11796640e-02  9.59490733e-01 -2.78759431e-01
 -7.83769421e-02  2.01238564e-02  9.75099906e-01 -2.17962157e-01
 -5.98597971e-02  1.14189141e-02  9.86860854e-01 -1.56304639e-01
 -4.06362671e-02  5.13357638e-03  9.94727281e-01 -9.40302245e-02
 -2.09379011e-02  1.31730677e-03  9.98668243e-01 -3.13846978e-02
 -9.99360686e-04  1.59269343e-12]
