[1.00000000e+03 1.00000000e+02 5.00000000e+01 1.16500000e+03
 0.00000000e+00 9.00000005e-01 7.45880947e+02 8.14242293e+01
 5.17082457e+01 1.17259133e+03 2.37233803e+00 8.99999996e-01
 6.04927521e+02 6.57539139e+01 5.00297291e+01 1.18026867e+03
 4.73972960e+00 8.99999840e-01 5.27769126e+02 5.29816624e+01
 4.63921832e+01 1.18824482e+03 6.99678193e+00 8.01437355e-01
 5.01830985e+02 4.29522999e+01 4.18147370e+01 1.19663701e+03
 9.01962447e+00 7.30518150e-01 4.99808174e+02 3.52664058e+01
 3.69931082e+01 1.20549503e+03 1.08092097e+01 6.79520129e-01
 5.08920977e+02 2.93782986e+01 3.23460028e+01 1.21482476e+03
 1.23796493e+01 6.37752012e-01 5.23696453e+02 2.48122978e+01
 2.80888214e+01 1.22460717e+03 1.37495335e+01 6.00985242e-01
 5.41592428e+02 2.12102678e+01 2.43071527e+01 1.23481136e+03
 1.49402902e+01 5.67509473e-01 5.61338241e+02 1.83167543e+01
 2.10114666e+01 1.24540255e+03 1.59739009e+01 5.36591508e-01
 5.82251470e+02 1.59527602e+01 1.81729015e+01 1.25634655e+03
 1.68713075e+01 5.07871330e-01 6.03939566e+02 1.39927400e+01
 1.57449661e+01 1.26761194e+03 1.76515546e+01 4.81127835e-01
 6.26162769e+02 1.23475645e+01 1.36758966e+01 1.27917100e+03
 1.83314550e+01 4.56190444e-01 6.48767789e+02 1.09527551e+01
 1.19152075e+01 1.29099989e+03 1.89255727e+01 4.32907712e-01
 6.71653895e+02 9.76060964e+00 1.04168050e+01 1.30307841e+03
 1.94463731e+01 4.11137530e-01 6.94754484e+02 8.73500228e+00
 9.14015653e+00 1.31538964e+03 1.99044480e+01 3.90744988e-01
 7.18026442e+02 7.84795217e+00 8.05041950e+00 1.32791953e+03
 2.03087612e+01 3.71602513e-01 7.41443612e+02 7.07734321e+00
 7.11805879e+00 1.34065646e+03 2.06668854e+01 3.53590371e-01
 7.64992600e+02 6.40538760e+00 6.31825018e+00 1.35359090e+03
 2.09852169e+01 3.36596920e-01 7.88669960e+02 5.81757081e+00
 5.63023052e+00 1.36671502e+03 2.12691636e+01 3.20518529e-01
 8.12480282e+02 5.30191028e+00 5.03667545e+00 1.38002246e+03
 2.15233052e+01 3.05259211e-01 8.36434873e+02 4.84842142e+00
 4.52314056e+00 1.39350806e+03 2.17515294e+01 2.90730069e-01
 8.60550873e+02 4.44872320e+00 4.07757748e+00 1.40716768e+03
 2.19571445e+01 2.76848631e-01 8.84850683e+02 4.09573966e+00
 3.68992418e+00 1.42099803e+03 2.21429745e+01 2.63538143e-01
 9.09361646e+02 3.78346901e+00 3.35176270e+00 1.43499650e+03
 2.23114366e+01 2.50726862e-01 9.34115916e+02 3.50680192e+00
 3.05603587e+00 1.44916110e+03 2.24646071e+01 2.38347376e-01
 9.59150493e+02 3.26137600e+00 2.79681380e+00 1.46349033e+03
 2.26042750e+01 2.26335979e-01 9.84507383e+02 3.04345809e+00
 2.56910208e+00 1.47798312e+03 2.27319869e+01 2.14632136e-01
 1.01023387e+03 2.84984805e+00 2.36868433e+00 1.49263875e+03
 2.28490847e+01 2.03178042e-01 1.03638288e+03 2.67779954e+00
 2.19199304e+00 1.50745682e+03 2.29567370e+01 1.91918322e-01
 1.06301334e+03 2.52495450e+00 2.03600347e+00 1.52243716e+03
 2.30559655e+01 1.80799914e-01 1.09019062e+03 2.38928875e+00
 1.89814637e+00 1.53757986e+03 2.31476673e+01 1.69772189e-01
 1.11798683e+03 2.26906672e+00 1.77623626e+00 1.55288517e+03
 2.32326340e+01 1.58787370e-01 1.14648100e+03 2.16280375e+00
 1.66841220e+00 1.56835353e+03 2.33115682e+01 1.47801352e-01
 1.17575897e+03 2.06923462e+00 1.57308893e+00 1.58398551e+03
 2.33850970e+01 1.36775037e-01 1.20591279e+03 1.98728742e+00
 1.48891654e+00 1.59978180e+03 2.34537849e+01 1.25676292e-01
 1.23703938e+03 1.91606162e+00 1.41474706e+00 1.61574320e+03
 2.35181443e+01 1.14482698e-01 1.26923814e+03 1.85480988e+00
 1.34960680e+00 1.63187061e+03 2.35786452e+01 1.03185240e-01
 1.30260703e+03 1.80292248e+00 1.29267341e+00 1.64816501e+03
 2.36357235e+01 9.17930803e-02 1.33723654e+03 1.75991410e+00
 1.24325676e+00 1.66462745e+03 2.36897885e+01 8.03395367e-02
 1.37320082e+03 1.72541172e+00 1.20078296e+00 1.68125902e+03
 2.37412287e+01 6.88893157e-02 1.41054526e+03 1.69914313e+00
 1.16478066e+00 1.69806090e+03 2.37904174e+01 5.75468872e-02
 1.44926937e+03 1.68092463e+00 1.13486916e+00 1.71503428e+03
 2.38377152e+01 4.64656260e-02 1.48930438e+03 1.67064683e+00
 1.11074750e+00 1.73218043e+03 2.38834723e+01 3.58568077e-02
 1.53048502e+03 1.66825666e+00 1.09218377e+00 1.74950060e+03
 2.39280270e+01 2.59965151e-02 1.57251618e+03 1.67373367e+00
 1.07900380e+00 1.76699613e+03 2.39717033e+01 1.72263904e-02
 1.61493803e+03 1.68705896e+00 1.07107826e+00 1.78466834e+03
 2.40148063e+01 9.93969203e-03 1.65709867e+03 1.70817580e+00
 1.06830721e+00 1.80251858e+03 2.40576165e+01 4.53446722e-03
 1.69815575e+03 1.73694550e+00 1.07060164e+00 1.82054824e+03
 2.41003861e+01 1.29493904e-03 1.73715410e+03 1.77311217e+00
 1.07786297e+00 1.83875872e+03 2.41433397e+01 1.29870719e-04
 1.77327054e+03 1.81631362e+00 1.08996568e+00 1.85715144e+03
 2.41866804e+01]
